CAPN7|23473:
CLASS: 3
Condi_up: 0.0552721088435374
Condi_down: 0.314625850340136
Condi_nochange: 0.630102040816326
UP_entropu: 1.68813637229458
DOWN_entropu: 3.71524654019784
NOCHANGE_entropu: 3.16141326123514
IG: -0.254232407013256
